CD   ID   FD   WD   ED
12    5    5    0    7
14    1    1    0    13
18    4    5    0    13
19    2    3    0    16
22    3    3    0    19
30    7    6    12    12
31    10    15    4    12
32    6    6    8    18
33    8    8    4    21
39    15    33    0    6
43    14    29    2    12
44    12    21    9    14
46    11    19    3    24
47    16    37    0    10
55    17    43    0    12
……………………………………………………………………………
……………………………………………………………………………
Missions: 15 [M: 6, P: 1, E: 8]
Rovers: 5     [M: 2, P: 1, E: 2]
Avg Wait = 2.8, Avg Exec = 13.9333
Auto-promoted: 50%
